{
  "nbformat": 4,
  "nbformat_minor": 0,
  "metadata": {
    "colab": {
      "provenance": []
    },
    "kernelspec": {
      "name": "python3",
      "display_name": "Python 3"
    },
    "language_info": {
      "name": "python"
    }
  },
  "cells": [
    {
      "cell_type": "code",
      "execution_count": null,
      "metadata": {
        "id": "crYym8fqjUcy"
      },
      "outputs": [],
      "source": [
        "import numpy as np\n",
        "import pandas as pd\n"
      ]
    },
    {
      "cell_type": "code",
      "source": [
        "rows = 1258\n",
        "columns = 28"
      ],
      "metadata": {
        "id": "JryudeqMBsHC"
      },
      "execution_count": null,
      "outputs": []
    },
    {
      "cell_type": "code",
      "source": [
        "df = pd.read_csv(\"drive/MyDrive/GDOW30.csv\", nrows = rows)"
      ],
      "metadata": {
        "id": "hf07ezAqnBWH"
      },
      "execution_count": null,
      "outputs": []
    },
    {
      "cell_type": "code",
      "source": [
        "assetLabels = df.columns[1:columns+1].tolist()\n",
        "print(assetLabels)"
      ],
      "metadata": {
        "id": "Cv0nXxd0opqn",
        "colab": {
          "base_uri": "https://localhost:8080/"
        },
        "outputId": "daf7b219-3595-43be-fea6-3279570d7ad8"
      },
      "execution_count": null,
      "outputs": [
        {
          "output_type": "stream",
          "name": "stdout",
          "text": [
            "['3M', 'AXP', 'AMGN', 'AAPL', 'BA', 'CAT', 'CVX', 'CSCO', 'KO', 'DIS', 'GS', 'HD', 'HON', 'IBM', 'INTC', 'JNJ', 'JPM', 'MCD', 'MRK', 'MSFT', 'NKE', 'PG', 'CRM', 'TRV', 'UNH', 'V', 'WBA', 'WMT']\n"
          ]
        }
      ]
    },
    {
      "cell_type": "code",
      "source": [
        "stockPrice = df.iloc[0:, 1:]\n",
        "print(stockPrice.shape)"
      ],
      "metadata": {
        "id": "0WUuc0xPpVHm",
        "colab": {
          "base_uri": "https://localhost:8080/"
        },
        "outputId": "74a3ab5f-3127-4b81-c6fa-f2f9b62d5caa"
      },
      "execution_count": null,
      "outputs": [
        {
          "output_type": "stream",
          "name": "stdout",
          "text": [
            "(1258, 28)\n"
          ]
        }
      ]
    },
    {
      "cell_type": "code",
      "source": [
        "print(stockPrice)"
      ],
      "metadata": {
        "colab": {
          "base_uri": "https://localhost:8080/"
        },
        "id": "teat6ZdUCsa3",
        "outputId": "f049f5db-8ea7-4c50-a6fc-4dde5f3048b0"
      },
      "execution_count": null,
      "outputs": [
        {
          "output_type": "stream",
          "name": "stdout",
          "text": [
            "              3M         AXP        AMGN        AAPL          BA         CAT  \\\n",
            "0     201.360001  104.510002  198.020004   55.162498  355.980011  128.710007   \n",
            "1     192.550003  104.379997  197.639999   55.682499  350.049988  118.980003   \n",
            "2     184.539993  101.839996  187.880005   53.772499  354.649994  112.339996   \n",
            "3     184.990005  103.599998  188.100006   54.950001  363.769989  115.629997   \n",
            "4     184.949997  101.250000  185.979996   54.075001  359.269989  115.050003   \n",
            "...          ...         ...         ...         ...         ...         ...   \n",
            "1253   89.940002  152.789993  286.880005  178.720001  184.929993  270.790009   \n",
            "1254   90.550003  154.389999  284.420013  177.149994  185.600006  272.649994   \n",
            "1255   88.400002  151.529999  283.579987  175.839996  185.690002  259.220001   \n",
            "1256   87.059998  149.619995  280.600006  175.460007  182.789993  252.889999   \n",
            "1257   86.550003  141.570007  278.809998  172.880005  180.039993  249.199997   \n",
            "\n",
            "             CVX       CSCO         KO         DIS  ...         MRK  \\\n",
            "0     117.209999  45.759998  45.970001  118.269997  ...   69.246185   \n",
            "1     113.400002  45.419998  46.360001  117.849998  ...   68.797707   \n",
            "2     110.209999  44.070000  46.730000  111.610001  ...   67.309158   \n",
            "3     111.580002  45.470001  46.509998  114.160004  ...   66.755722   \n",
            "4     111.529999  44.250000  45.919998  113.190002  ...   67.175575   \n",
            "...          ...        ...        ...         ...  ...         ...   \n",
            "1253  165.399994  54.160000  53.430000   85.709999  ...  104.139999   \n",
            "1254  167.589996  53.939999  54.070000   86.199997  ...  104.169998   \n",
            "1255  168.919998  53.770000  54.049999   84.680000  ...  101.989998   \n",
            "1256  169.100006  53.320000  54.349998   83.250000  ...  100.430000   \n",
            "1257  166.830002  52.930000  54.570000   82.650002  ...  102.669998   \n",
            "\n",
            "            MSFT         NKE          PG         CRM         TRV         UNH  \\\n",
            "0     109.629997   74.900002   86.599998  142.949997  124.070000  262.190002   \n",
            "1     108.099998   73.349998   87.160004  140.660004  123.800003  264.859985   \n",
            "2     102.320000   72.120003   89.459999  133.259995  121.559998  256.320007   \n",
            "3     108.300003   73.099998   89.000000  140.800003  121.239998  264.239990   \n",
            "4     106.959999   72.070000   87.860001  135.520004  121.290001  258.179993   \n",
            "...          ...         ...         ...         ...         ...         ...   \n",
            "1253  332.640015  102.040001  146.070007  208.529999  167.649994  538.030029   \n",
            "1254  332.059998  103.010002  146.259995  209.839996  169.360001  536.650024   \n",
            "1255  330.109985  103.769997  150.029999  204.830002  168.110001  536.059998   \n",
            "1256  331.320007  103.050003  148.250000  208.320007  163.940002  531.630005   \n",
            "1257  326.670013  102.669998  148.050003  203.729996  161.589996  527.030029   \n",
            "\n",
            "               V        WBA         WMT  \n",
            "0     140.639999  77.650002   97.139999  \n",
            "1     139.119995  77.260002   97.800003  \n",
            "2     134.259995  74.199997   97.559998  \n",
            "3     140.520004  75.739998   99.180000  \n",
            "4     137.740005  76.230003   98.940002  \n",
            "...          ...        ...         ...  \n",
            "1253  240.070007  22.780001  161.210007  \n",
            "1254  241.199997  22.850000  161.419998  \n",
            "1255  237.470001  21.250000  161.539993  \n",
            "1256  233.809998  20.959999  160.770004  \n",
            "1257  233.380005  21.260000  158.759995  \n",
            "\n",
            "[1258 rows x 28 columns]\n"
          ]
        }
      ]
    },
    {
      "cell_type": "code",
      "source": [
        "def StockReturnsComputing(StockPrice, Rows, Columns):\n",
        "    import numpy as np\n",
        "    StockReturn = np.zeros([Rows-1, Columns])\n",
        "    for j in range(Columns):        # j: Assets\n",
        "        for i in range(Rows-1):     # i: Daily Prices\n",
        "            StockReturn[i,j]=((StockPrice[i+1, j]-StockPrice[i,j])/StockPrice[i,j])* 100\n",
        "\n",
        "    return StockReturn"
      ],
      "metadata": {
        "id": "hrhWWU2TI6QN"
      },
      "execution_count": null,
      "outputs": []
    },
    {
      "cell_type": "code",
      "source": [
        "stockPriceArray = np.asarray(stockPrice)\n",
        "[Rows, Cols]=stockPriceArray.shape\n",
        "stockReturns = StockReturnsComputing(stockPriceArray, Rows, Cols)\n",
        "print('Daily returns of selective Dow 30 stocks\\n', stockReturns)"
      ],
      "metadata": {
        "colab": {
          "base_uri": "https://localhost:8080/"
        },
        "id": "LfebbA-BEGaL",
        "outputId": "712f74af-280c-452a-8141-4129a84f2e81"
      },
      "execution_count": null,
      "outputs": [
        {
          "output_type": "stream",
          "name": "stdout",
          "text": [
            "Daily returns of selective Dow 30 stocks\n",
            " [[-4.3752473  -0.12439479 -0.19190233 ... -1.08077646 -0.50225369\n",
            "   0.67943587]\n",
            " [-4.15996358 -2.43341739 -4.93826859 ... -3.49338713 -3.96065871\n",
            "  -0.24540388]\n",
            " [ 0.24385608  1.72820313  0.11709655 ...  4.66260184  2.07547313\n",
            "   1.66051869]\n",
            " ...\n",
            " [-2.37437982 -1.8524516  -0.29534701 ... -1.54643286 -7.00218818\n",
            "   0.07433713]\n",
            " [-1.51584159 -1.26047912 -1.0508432  ... -1.54124857 -1.36471059\n",
            "  -0.47665534]\n",
            " [-0.58579716 -5.38028891 -0.63792158 ... -0.18390702  1.43130255\n",
            "  -1.25023882]]\n"
          ]
        }
      ]
    },
    {
      "cell_type": "code",
      "source": [
        "meanReturns = np.mean(stockReturns, axis = 0)\n",
        "print('Mean returns of Dow Stocks:\\n',  meanReturns)\n",
        "covReturns = np.cov(stockReturns, rowvar=False)\n",
        "print('Variance-covariance matrix of returns of Dow Stocks:\\n')\n",
        "print(covReturns)"
      ],
      "metadata": {
        "colab": {
          "base_uri": "https://localhost:8080/"
        },
        "id": "hExYoeqDKO59",
        "outputId": "dff9cf58-28ee-40cf-a84a-a7ed5aaa1332"
      },
      "execution_count": null,
      "outputs": [
        {
          "output_type": "stream",
          "name": "stdout",
          "text": [
            "Mean returns of Dow Stocks:\n",
            " [-0.05139465  0.05240133  0.04024095  0.11280345 -0.00291875  0.07466813\n",
            "  0.05364366  0.02798723  0.02295209 -0.00624913  0.04600277  0.05428822\n",
            "  0.03105905  0.02225972  0.00973131  0.01624854  0.04403955  0.0456822\n",
            "  0.04207905  0.10627205  0.04672582  0.05173788  0.05876177  0.03765267\n",
            "  0.07337513  0.05674803 -0.0799961   0.04882515]\n",
            "Variance-covariance matrix of returns of Dow Stocks:\n",
            "\n",
            "[[ 3.13719879  2.25032988  1.16200524  1.65554155  2.26329764  2.30067286\n",
            "   1.81189939  1.71738795  1.17226264  1.74089705  2.12511573  1.68313109\n",
            "   2.02221452  1.71583604  1.89933288  1.04104349  1.99450502  1.16805998\n",
            "   0.79478229  1.4479057   1.77209261  0.99518377  1.45087603  1.43287805\n",
            "   1.31596709  1.60864638  1.86757595  0.73044226]\n",
            " [ 2.25032988  5.74120518  1.30043876  2.43502802  4.92152267  3.04198708\n",
            "   3.36985439  2.28501471  1.73111251  3.26238883  3.70032662  2.29905041\n",
            "   2.99859141  2.27040212  2.70488427  1.16978108  3.81849213  2.00171101\n",
            "   1.10469217  2.34058807  2.6526717   1.16580372  2.47125195  2.63519368\n",
            "   2.21997086  3.12595085  2.16332997  0.80538502]\n",
            " [ 1.16200524  1.30043876  2.62067385  1.4248862   1.10379154  1.24508855\n",
            "   1.14014273  1.33160591  0.89730986  1.01597845  1.22195985  1.23985818\n",
            "   1.16732219  1.16895858  1.56909603  1.16370824  1.20979621  0.91756403\n",
            "   1.22132487  1.4226982   0.98878404  1.04514894  1.25098359  1.10676849\n",
            "   1.45728807  1.24168989  1.31676779  0.85154827]\n",
            " [ 1.65554155  2.43502802  1.4248862   4.37601668  2.86789025  1.81254505\n",
            "   1.72238487  2.2480747   1.18785193  2.10148269  2.27231691  2.20916923\n",
            "   1.8726338   1.61235136  2.92926878  1.10268882  1.96965183  1.44043007\n",
            "   1.03810992  3.13628381  2.34593849  1.22836136  3.04404655  1.39303089\n",
            "   1.84768616  2.38504605  1.63058407  1.14550774]\n",
            " [ 2.26329764  4.92152267  1.10379154  2.86789025 10.25474864  3.40423328\n",
            "   3.86491361  2.33219359  1.91417179  3.58526814  3.8953751   2.67856044\n",
            "   3.4855307   2.56324118  3.29903276  1.15370508  3.88161233  2.25256545\n",
            "   1.05430201  2.53729631  3.12716639  1.13025946  2.87821855  2.79322271\n",
            "   2.20128328  3.01314801  2.52286879  0.79650829]\n",
            " [ 2.30067286  3.04198708  1.24508855  1.81254505  3.40423328  4.40529388\n",
            "   2.8258714   1.90086891  1.22975184  2.23257577  2.80275256  1.7365226\n",
            "   2.42069294  1.93712282  2.20000753  0.97820558  2.75577234  1.19270393\n",
            "   0.99679651  1.65324192  2.07123287  0.86261958  1.74445875  1.89865404\n",
            "   1.54579778  1.98992553  2.06515945  0.78097601]\n",
            " [ 1.81189939  3.36985439  1.14014273  1.72238487  3.86491361  2.8258714\n",
            "   5.06927708  1.7688407   1.3680617   2.24288746  2.85759785  1.80445018\n",
            "   2.43892308  1.97628831  2.1643915   1.07229251  2.91876408  1.61714702\n",
            "   1.22739389  1.66901251  1.90660164  0.80053705  1.68033029  2.32891946\n",
            "   2.01173526  2.16587192  1.76481243  0.6840197 ]\n",
            " [ 1.71738795  2.28501471  1.33160591  2.2480747   2.33219359  1.90086891\n",
            "   1.7688407   3.26193324  1.14605864  1.91358909  2.03339149  1.80354688\n",
            "   1.83964822  1.80497203  2.40569841  1.16410461  1.93238245  1.33296107\n",
            "   1.04983046  2.17804709  1.84992123  1.23597061  2.11299544  1.4064394\n",
            "   1.59116523  1.91504737  1.7662468   0.98273078]\n",
            " [ 1.17226264  1.73111251  0.89730986  1.18785193  1.91417179  1.22975184\n",
            "   1.3680617   1.14605864  1.84938653  1.28686389  1.31870902  1.2119746\n",
            "   1.40972858  1.23899286  1.21063539  0.95312573  1.4575539   1.13570539\n",
            "   0.90614975  1.16696991  1.24879808  1.16955053  1.06598312  1.29121121\n",
            "   1.19462931  1.33826911  1.13289365  0.75396563]\n",
            " [ 1.74089705  3.26238883  1.01597845  2.10148269  3.58526814  2.23257577\n",
            "   2.24288746  1.91358909  1.28686389  4.46778268  2.62829191  1.97840823\n",
            "   2.25464444  1.58653879  2.23346523  0.85936822  2.5577036   1.49442824\n",
            "   0.76184272  2.1245554   2.29293989  0.95619398  2.32186954  1.60452345\n",
            "   1.41131524  2.35469066  1.70661826  0.80487499]\n",
            " [ 2.12511573  3.70032662  1.22195985  2.27231691  3.8953751   2.80275256\n",
            "   2.85759785  2.03339149  1.31870902  2.62829191  4.38399531  2.19170795\n",
            "   2.50452282  1.9716963   2.47234208  1.03160084  3.52703437  1.59973287\n",
            "   1.01656054  2.12257776  2.30905111  1.03490474  2.23996705  2.27639453\n",
            "   1.91089464  2.31632393  2.00794994  0.86866861]\n",
            " [ 1.68313109  2.29905041  1.23985818  2.20916923  2.67856044  1.7365226\n",
            "   1.80445018  1.80354688  1.2119746   1.97840823  2.19170795  3.30767148\n",
            "   1.80335093  1.58447533  2.28057435  0.98717624  1.98534895  1.54757753\n",
            "   0.95150966  2.19302229  2.16145734  1.21067288  2.26488917  1.64781251\n",
            "   1.71616738  1.93191268  1.47363555  1.12633155]\n",
            " [ 2.02221452  2.99859141  1.16732219  1.8726338   3.4855307   2.42069294\n",
            "   2.43892308  1.83964822  1.40972858  2.25464444  2.50452282  1.80335093\n",
            "   2.96985392  1.72814332  2.03959603  1.04038701  2.51782498  1.53852567\n",
            "   1.02830056  1.77767022  2.06891431  1.01996859  1.71625051  1.85176492\n",
            "   1.682705    2.05319286  1.74886459  0.70830801]\n",
            " [ 1.71583604  2.27040212  1.16895858  1.61235136  2.56324118  1.93712282\n",
            "   1.97628831  1.80497203  1.23899286  1.58653879  1.9716963   1.58447533\n",
            "   1.72814332  2.86989222  1.98082121  1.05766319  2.01741885  1.24153486\n",
            "   0.99623768  1.55677282  1.53340246  1.11951585  1.48315743  1.53565907\n",
            "   1.46413021  1.71797646  1.68926029  0.79967408]\n",
            " [ 1.89933288  2.70488427  1.56909603  2.92926878  3.29903276  2.20000753\n",
            "   2.1643915   2.40569841  1.21063539  2.23346523  2.47234208  2.28057435\n",
            "   2.03959603  1.98082121  5.94765722  1.09162278  2.30592939  1.36592291\n",
            "   0.9518748   2.89752237  2.25604862  1.26357215  2.77891702  1.70370788\n",
            "   1.70809535  2.23794576  1.92775281  1.1949919 ]\n",
            " [ 1.04104349  1.16978108  1.16370824  1.10268882  1.15370508  0.97820558\n",
            "   1.07229251  1.16410461  0.95312573  0.85936822  1.03160084  0.98717624\n",
            "   1.04038701  1.05766319  1.09162278  1.68335257  1.05347672  0.83662898\n",
            "   1.07816374  1.08400519  0.93555029  1.0283377   0.85691672  0.92011215\n",
            "   1.26941889  1.04998531  1.14446858  0.76315238]\n",
            " [ 1.99450502  3.81849213  1.20979621  1.96965183  3.88161233  2.75577234\n",
            "   2.91876408  1.93238245  1.4575539   2.5577036   3.52703437  1.98534895\n",
            "   2.51782498  2.01741885  2.30592939  1.05347672  4.11879905  1.61598867\n",
            "   1.10913859  1.84420814  2.16218345  1.06653057  1.88370848  2.42454325\n",
            "   1.85293752  2.30284576  1.99553017  0.7983417 ]\n",
            " [ 1.16805998  2.00171101  0.91756403  1.44043007  2.25256545  1.19270393\n",
            "   1.61714702  1.33296107  1.13570539  1.49442824  1.59973287  1.54757753\n",
            "   1.53852567  1.24153486  1.36592291  0.83662898  1.61598867  2.17715271\n",
            "   0.9523324   1.44022814  1.53556539  0.96829353  1.46207745  1.5368384\n",
            "   1.355853    1.60707268  0.90834659  0.70417317]\n",
            " [ 0.79478229  1.10469217  1.22132487  1.03810992  1.05430201  0.99679651\n",
            "   1.22739389  1.04983046  0.90614975  0.76184272  1.01656054  0.95150966\n",
            "   1.02830056  0.99623768  0.9518748   1.07816374  1.10913859  0.9523324\n",
            "   2.14617464  1.07796527  0.87992827  0.89962556  0.99128695  1.1501856\n",
            "   1.34097339  1.10237084  0.92267408  0.62755028]\n",
            " [ 1.4479057   2.34058807  1.4226982   3.13628381  2.53729631  1.65324192\n",
            "   1.66901251  2.17804709  1.16696991  2.1245554   2.12257776  2.19302229\n",
            "   1.77767022  1.55677282  2.89752237  1.08400519  1.84420814  1.44022814\n",
            "   1.07796527  3.87684952  2.23562717  1.27289221  3.34867668  1.37959131\n",
            "   1.86310286  2.35838452  1.48752923  1.15744748]\n",
            " [ 1.77209261  2.6526717   0.98878404  2.34593849  3.12716639  2.07123287\n",
            "   1.90660164  1.84992123  1.24879808  2.29293989  2.30905111  2.16145734\n",
            "   2.06891431  1.53340246  2.25604862  0.93555029  2.16218345  1.53556539\n",
            "   0.87992827  2.23562717  4.34804486  1.13825167  2.40505027  1.49531964\n",
            "   1.55341563  2.18720558  1.54042699  0.90531015]\n",
            " [ 0.99518377  1.16580372  1.04514894  1.22836136  1.13025946  0.86261958\n",
            "   0.80053705  1.23597061  1.16955053  0.95619398  1.03490474  1.21067288\n",
            "   1.01996859  1.11951585  1.26357215  1.0283377   1.06653057  0.96829353\n",
            "   0.89962556  1.27289221  1.13825167  1.81632636  1.01206358  1.00244605\n",
            "   1.17628264  1.12521845  1.10162622  1.00480516]\n",
            " [ 1.45087603  2.47125195  1.25098359  3.04404655  2.87821855  1.74445875\n",
            "   1.68033029  2.11299544  1.06598312  2.32186954  2.23996705  2.26488917\n",
            "   1.71625051  1.48315743  2.77891702  0.85691672  1.88370848  1.46207745\n",
            "   0.99128695  3.34867668  2.40505027  1.01206358  6.17253699  1.32039412\n",
            "   1.6289774   2.56864188  1.28794149  1.02956143]\n",
            " [ 1.43287805  2.63519368  1.10676849  1.39303089  2.79322271  1.89865404\n",
            "   2.32891946  1.4064394   1.29121121  1.60452345  2.27639453  1.64781251\n",
            "   1.85176492  1.53565907  1.70370788  0.92011215  2.42454325  1.5368384\n",
            "   1.1501856   1.37959131  1.49531964  1.00244605  1.32039412  3.25681059\n",
            "   1.60525576  1.73121759  1.39979832  0.77554803]\n",
            " [ 1.31596709  2.21997086  1.45728807  1.84768616  2.20128328  1.54579778\n",
            "   2.01173526  1.59116523  1.19462931  1.41131524  1.91089464  1.71616738\n",
            "   1.682705    1.46413021  1.70809535  1.26941889  1.85293752  1.355853\n",
            "   1.34097339  1.86310286  1.55341563  1.17628264  1.6289774   1.60525576\n",
            "   3.55689052  1.78752657  1.43671104  0.90868706]\n",
            " [ 1.60864638  3.12595085  1.24168989  2.38504605  3.01314801  1.98992553\n",
            "   2.16587192  1.91504737  1.33826911  2.35469066  2.31632393  1.93191268\n",
            "   2.05319286  1.71797646  2.23794576  1.04998531  2.30284576  1.60707268\n",
            "   1.10237084  2.35838452  2.18720558  1.12521845  2.56864188  1.73121759\n",
            "   1.78752657  3.29954277  1.4275838   0.8158169 ]\n",
            " [ 1.86757595  2.16332997  1.31676779  1.63058407  2.52286879  2.06515945\n",
            "   1.76481243  1.7662468   1.13289365  1.70661826  2.00794994  1.47363555\n",
            "   1.74886459  1.68926029  1.92775281  1.14446858  1.99553017  0.90834659\n",
            "   0.92267408  1.48752923  1.54042699  1.10162622  1.28794149  1.39979832\n",
            "   1.43671104  1.4275838   4.57873008  1.15384009]\n",
            " [ 0.73044226  0.80538502  0.85154827  1.14550774  0.79650829  0.78097601\n",
            "   0.6840197   0.98273078  0.75396563  0.80487499  0.86866861  1.12633155\n",
            "   0.70830801  0.79967408  1.1949919   0.76315238  0.7983417   0.70417317\n",
            "   0.62755028  1.15744748  0.90531015  1.00480516  1.02956143  0.77554803\n",
            "   0.90868706  0.8158169   1.15384009  1.94967619]]\n"
          ]
        }
      ]
    },
    {
      "cell_type": "code",
      "source": [
        "#Computing betas of 15 stocks compared to DOW market over past 5 years\n",
        "\n",
        "import numpy as np\n",
        "import pandas as pd\n",
        "\n",
        "stockRows = 1258\n",
        "stockColumns = 15\n",
        "marketRows = 1258\n",
        "marketColumns = 7\n",
        "\n",
        "dfStock = pd.read_csv(\"drive/MyDrive/15Companies.csv\", nrows = stockRows)\n",
        "dfMarket = pd.read_csv(\"drive/MyDrive/DJIAMarket2.csv\", nrows = marketRows)\n",
        "\n",
        "#extract asset labels of stocks in the portfolio\n",
        "assetLabels = dfStock.columns[1:stockColumns+1].tolist()\n",
        "print('Portfolio stocks\\n', assetLabels)\n",
        "\n",
        "#extract asset prices data and market data\n",
        "stockData = dfStock.iloc[0:, 1:]\n",
        "marketData = dfMarket.iloc[0:, [4]] #closing price\n",
        "\n",
        "#compute asset returns\n",
        "arrayStockData = np.asarray(stockData)\n",
        "[sRows, sCols] = arrayStockData.shape\n",
        "stockReturns = StockReturnsComputing(arrayStockData, sRows, sCols)\n",
        "\n",
        "\n",
        "#compute market returns\n",
        "arrayMarketData = np.asarray(marketData)\n",
        "[mRows, mCols]=arrayMarketData.shape\n",
        "marketReturns = StockReturnsComputing(arrayMarketData, mRows, mCols)\n",
        "\n",
        "#compute betas of assets in the portfolio\n",
        "beta= []\n",
        "Var = np.var(marketReturns, ddof =1)\n",
        "for i in range(stockColumns):\n",
        "    CovarMat = np.cov(marketReturns[:,0], stockReturns[:, i ])\n",
        "    Covar  = CovarMat[1,0]\n",
        "    beta.append(Covar/Var)\n",
        "\n",
        "\n",
        "#output betas of assets in the portfolio\n",
        "print('Asset Betas:')\n",
        "for data in beta:\n",
        "    print('{:9.3f}'.format(data))\n",
        "\n",
        "print(\"𝛽=0 implies that the stock return is uncorrelated with the market movements, \\n𝛽<0 implies that the stock return inversely follows the market movements, and \\n𝛽>0 implies that the stock return follows the market movements.\")"
      ],
      "metadata": {
        "colab": {
          "base_uri": "https://localhost:8080/"
        },
        "id": "mj-eGhU0NgX0",
        "outputId": "0b24472a-e31c-4541-ba99-c133f4c4c961"
      },
      "execution_count": null,
      "outputs": [
        {
          "output_type": "stream",
          "name": "stdout",
          "text": [
            "Portfolio stocks\n",
            " ['3M', 'AXP', 'AMGN', 'AAPL', 'BA', 'CAT', 'CVX', 'CSCO', 'KO', 'DIS', 'GS', 'HD', 'HON', 'IBM', 'INTC']\n",
            "Asset Betas:\n",
            "    0.903\n",
            "    1.418\n",
            "    0.676\n",
            "    1.131\n",
            "    1.655\n",
            "    1.107\n",
            "    1.152\n",
            "    0.969\n",
            "    0.681\n",
            "    1.087\n",
            "    1.258\n",
            "    1.031\n",
            "    1.060\n",
            "    0.902\n",
            "    1.160\n",
            "𝛽=0 implies that the stock return is uncorrelated with the market movements, \n",
            "𝛽<0 implies that the stock return inversely follows the market movements, and \n",
            "𝛽>0 implies that the stock return follows the market movements.\n"
          ]
        }
      ]
    },
    {
      "cell_type": "markdown",
      "source": [
